1200 120
0.9991666666666666 0.0008333333333333334
0.9983333333333333 0.0016666666666666668
0.9975 0.0025
0.9966666666666667 0.0033333333333333335
0.9958333333333333 0.004166666666666667
0.995 0.005
0.9941666666666666 0.005833333333333334
0.9933333333333333 0.006666666666666667
0.9925 0.0075
0.9916666666666667 0.008333333333333333
0.9908333333333333 0.009166666666666667
0.99 0.01
0.9891666666666666 0.010833333333333334
0.9883333333333333 0.011666666666666667
0.9875 0.0125
0.9866666666666667 0.013333333333333334
0.9858333333333333 0.014166666666666666
0.985 0.015
0.9841666666666666 0.015833333333333335
0.9833333333333333 0.016666666666666666
0.9825 0.0175
0.9816666666666667 0.018333333333333333
0.9808333333333333 0.019166666666666665
0.98 0.02
0.9791666666666666 0.020833333333333332
0.9783333333333333 0.021666666666666667
0.9775 0.0225
0.9766666666666667 0.023333333333333334
0.9758333333333333 0.024166666666666666
0.975 0.025
0.9741666666666666 0.025833333333333333
0.9733333333333334 0.02666666666666667
0.9725 0.0275
0.9716666666666667 0.028333333333333332
0.9708333333333333 0.029166666666666667
0.97 0.03
0.9691666666666666 0.030833333333333334
0.9683333333333334 0.03166666666666667
0.9675 0.0325
0.9666666666666667 0.03333333333333333
0.9658333333333333 0.034166666666666665
0.965 0.035
0.9641666666666666 0.035833333333333335
0.9633333333333334 0.03666666666666667
0.9625 0.0375
0.9616666666666667 0.03833333333333333
0.9608333333333333 0.03916666666666667
0.96 0.04
0.9591666666666667 0.04083333333333333
0.9583333333333334 0.041666666666666664
0.9575 0.0425
0.9566666666666667 0.043333333333333335
0.9558333333333333 0.04416666666666667
0.955 0.045
0.9541666666666667 0.04583333333333333
0.9533333333333334 0.04666666666666667
0.9525 0.0475
0.9516666666666667 0.04833333333333333
0.9508333333333333 0.049166666666666664
0.95 0.05
0.9491666666666667 0.050833333333333335
0.9483333333333334 0.051666666666666666
0.9475 0.0525
0.9466666666666667 0.05333333333333334
0.9458333333333333 0.05416666666666667
0.945 0.055
0.9441666666666667 0.05583333333333333
0.9433333333333334 0.056666666666666664
0.9425 0.0575
0.9416666666666667 0.058333333333333334
0.9408333333333333 0.059166666666666666
0.94 0.06
0.9391666666666667 0.060833333333333336
0.9383333333333334 0.06166666666666667
0.9375 0.0625
0.9366666666666666 0.06333333333333334
0.9358333333333333 0.06416666666666666
0.935 0.065
0.9341666666666667 0.06583333333333333
0.9333333333333333 0.06666666666666667
0.9325 0.0675
0.9316666666666666 0.06833333333333333
0.9308333333333333 0.06916666666666667
0.9299999999999999 0.07
0.9291666666666667 0.07083333333333333
0.9283333333333333 0.07166666666666667
0.9275 0.0725
0.9266666666666666 0.07333333333333333
0.9258333333333333 0.07416666666666667
0.925 0.075
0.9241666666666667 0.07583333333333334
0.9233333333333333 0.07666666666666666
0.9225 0.0775
0.9216666666666666 0.07833333333333334
0.9208333333333334 0.07916666666666666
0.92 0.08
0.9191666666666667 0.08083333333333333
0.9183333333333333 0.08166666666666667
0.9175 0.0825
0.9166666666666666 0.08333333333333333
0.9158333333333333 0.08416666666666667
0.915 0.085
0.9141666666666667 0.08583333333333333
0.9133333333333333 0.08666666666666667
0.9125 0.0875
0.9116666666666666 0.08833333333333333
0.9108333333333334 0.08916666666666667
0.91 0.09
0.9091666666666667 0.09083333333333334
0.9083333333333333 0.09166666666666666
0.9075 0.0925
0.9066666666666666 0.09333333333333334
0.9058333333333334 0.09416666666666666
0.905 0.095
0.9041666666666667 0.09583333333333334
0.9033333333333333 0.09666666666666666
0.9025 0.0975
0.9016666666666666 0.09833333333333333
0.9008333333333334 0.09916666666666667
0.9 0.1
0.8991666666666667 0.10083333333333333
0.8983333333333333 0.10166666666666667
0.8975 0.1025
0.8966666666666667 0.10333333333333333
0.8958333333333334 0.10416666666666667
0.895 0.105
0.8941666666666667 0.10583333333333333
0.8933333333333333 0.10666666666666667
0.8925 0.1075
0.8916666666666666 0.10833333333333334
0.8908333333333334 0.10916666666666666
0.89 0.11
0.8891666666666667 0.11083333333333334
0.8883333333333333 0.11166666666666666
0.8875 0.1125
0.8866666666666667 0.11333333333333333
0.8858333333333334 0.11416666666666667
0.885 0.115
0.8841666666666667 0.11583333333333333
0.8833333333333333 0.11666666666666667
0.8825000000000001 0.1175
0.8816666666666667 0.11833333333333333
0.8808333333333334 0.11916666666666667
0.88 0.12
0.8791666666666667 0.12083333333333333
0.8783333333333333 0.12166666666666667
0.8775 0.1225
0.8766666666666667 0.12333333333333334
0.8758333333333334 0.12416666666666666
0.875 0.125
0.8741666666666666 0.12583333333333332
0.8733333333333333 0.12666666666666668
0.8725 0.1275
0.8716666666666667 0.12833333333333333
0.8708333333333333 0.12916666666666668
0.87 0.13
0.8691666666666666 0.13083333333333333
0.8683333333333334 0.13166666666666665
0.8674999999999999 0.1325
0.8666666666666667 0.13333333333333333
0.8658333333333333 0.13416666666666666
0.865 0.135
0.8641666666666666 0.13583333333333333
0.8633333333333333 0.13666666666666666
0.8625 0.1375
0.8616666666666667 0.13833333333333334
0.8608333333333333 0.13916666666666666
0.86 0.14
0.8591666666666666 0.14083333333333334
0.8583333333333334 0.14166666666666666
0.8575 0.1425
0.8566666666666667 0.14333333333333334
0.8558333333333333 0.14416666666666667
0.855 0.145
0.8541666666666666 0.14583333333333334
0.8533333333333333 0.14666666666666667
0.8525 0.1475
0.8516666666666667 0.14833333333333334
0.8508333333333333 0.14916666666666667
0.85 0.15
0.8491666666666666 0.15083333333333335
0.8483333333333334 0.15166666666666667
0.8475 0.1525
0.8466666666666667 0.15333333333333332
0.8458333333333333 0.15416666666666667
0.845 0.155
0.8441666666666667 0.15583333333333332
0.8433333333333333 0.15666666666666668
0.8425 0.1575
0.8416666666666667 0.15833333333333333
0.8408333333333333 0.15916666666666668
0.84 0.16
0.8391666666666666 0.16083333333333333
0.8383333333333334 0.16166666666666665
0.8375 0.1625
0.8366666666666667 0.16333333333333333
0.8358333333333333 0.16416666666666666
0.835 0.165
0.8341666666666667 0.16583333333333333
0.8333333333333334 0.16666666666666666
0.8325 0.1675
0.8316666666666667 0.16833333333333333
0.8308333333333333 0.16916666666666666
0.83 0.17
0.8291666666666666 0.17083333333333334
0.8283333333333334 0.17166666666666666
0.8275 0.1725
0.8266666666666667 0.17333333333333334
0.8258333333333333 0.17416666666666666
0.825 0.175
0.8241666666666667 0.17583333333333334
0.8233333333333334 0.17666666666666667
0.8225 0.1775
0.8216666666666667 0.17833333333333334
0.8208333333333333 0.17916666666666667
0.8200000000000001 0.18
0.8191666666666666 0.18083333333333335
0.8183333333333334 0.18166666666666667
0.8175 0.1825
0.8166666666666667 0.18333333333333332
0.8158333333333333 0.18416666666666667
0.815 0.185
0.8141666666666667 0.18583333333333332
0.8133333333333334 0.18666666666666668
0.8125 0.1875
0.8116666666666666 0.18833333333333332
0.8108333333333333 0.18916666666666668
0.81 0.19
0.8091666666666667 0.19083333333333333
0.8083333333333333 0.19166666666666668
0.8075 0.1925
0.8066666666666666 0.19333333333333333
0.8058333333333334 0.19416666666666665
0.8049999999999999 0.195
0.8041666666666667 0.19583333333333333
0.8033333333333333 0.19666666666666666
0.8025 0.1975
0.8016666666666666 0.19833333333333333
0.8008333333333333 0.19916666666666666
0.8 0.2
0.7991666666666667 0.20083333333333334
0.7983333333333333 0.20166666666666666
0.7975 0.2025
0.7966666666666666 0.20333333333333334
0.7958333333333334 0.20416666666666666
0.795 0.205
0.7941666666666667 0.20583333333333334
0.7933333333333333 0.20666666666666667
0.7925 0.2075
0.7916666666666666 0.20833333333333334
0.7908333333333333 0.20916666666666667
0.79 0.21
0.7891666666666667 0.21083333333333334
0.7883333333333333 0.21166666666666667
0.7875 0.2125
0.7866666666666666 0.21333333333333335
0.7858333333333334 0.21416666666666667
0.785 0.215
0.7841666666666667 0.21583333333333332
0.7833333333333333 0.21666666666666667
0.7825 0.2175
0.7816666666666667 0.21833333333333332
0.7808333333333333 0.21916666666666668
0.78 0.22
0.7791666666666667 0.22083333333333333
0.7783333333333333 0.22166666666666668
0.7775 0.2225
0.7766666666666666 0.22333333333333333
0.7758333333333334 0.22416666666666665
0.775 0.225
0.7741666666666667 0.22583333333333333
0.7733333333333333 0.22666666666666666
0.7725 0.2275
0.7716666666666667 0.22833333333333333
0.7708333333333334 0.22916666666666666
0.77 0.23
0.7691666666666667 0.23083333333333333
0.7683333333333333 0.23166666666666666
0.7675 0.2325
0.7666666666666666 0.23333333333333334
0.7658333333333334 0.23416666666666666
0.765 0.235
0.7641666666666667 0.23583333333333334
0.7633333333333333 0.23666666666666666
0.7625 0.2375
0.7616666666666667 0.23833333333333334
0.7608333333333334 0.23916666666666667
0.76 0.24
0.7591666666666667 0.24083333333333334
0.7583333333333333 0.24166666666666667
0.7575000000000001 0.2425
0.7566666666666666 0.24333333333333335
0.7558333333333334 0.24416666666666667
0.755 0.245
0.7541666666666667 0.24583333333333332
0.7533333333333333 0.24666666666666667
0.7525 0.2475
0.7516666666666667 0.24833333333333332
0.7508333333333334 0.24916666666666668
0.75 0.25
0.7491666666666666 0.25083333333333335
0.7483333333333333 0.25166666666666665
0.7475 0.2525
0.7466666666666666 0.25333333333333335
0.7458333333333333 0.25416666666666665
0.745 0.255
0.7441666666666666 0.25583333333333336
0.7433333333333334 0.25666666666666665
0.7424999999999999 0.2575
0.7416666666666667 0.25833333333333336
0.7408333333333333 0.25916666666666666
0.74 0.26
0.7391666666666667 0.2608333333333333
0.7383333333333333 0.26166666666666666
0.7375 0.2625
0.7366666666666667 0.2633333333333333
0.7358333333333333 0.26416666666666666
0.735 0.265
0.7341666666666666 0.2658333333333333
0.7333333333333334 0.26666666666666666
0.7324999999999999 0.2675
0.7316666666666667 0.2683333333333333
0.7308333333333333 0.26916666666666667
0.73 0.27
0.7291666666666667 0.2708333333333333
0.7283333333333333 0.27166666666666667
0.7275 0.2725
0.7266666666666667 0.2733333333333333
0.7258333333333333 0.27416666666666667
0.725 0.275
0.7241666666666666 0.2758333333333333
0.7233333333333334 0.27666666666666667
0.7224999999999999 0.2775
0.7216666666666667 0.2783333333333333
0.7208333333333333 0.2791666666666667
0.72 0.28
0.7191666666666667 0.2808333333333333
0.7183333333333333 0.2816666666666667
0.7175 0.2825
0.7166666666666667 0.2833333333333333
0.7158333333333333 0.2841666666666667
0.7150000000000001 0.285
0.7141666666666666 0.28583333333333333
0.7133333333333334 0.2866666666666667
0.7125 0.2875
0.7116666666666667 0.28833333333333333
0.7108333333333333 0.2891666666666667
0.71 0.29
0.7091666666666667 0.29083333333333333
0.7083333333333333 0.2916666666666667
0.7075 0.2925
0.7066666666666667 0.29333333333333333
0.7058333333333333 0.2941666666666667
0.7050000000000001 0.295
0.7041666666666666 0.29583333333333334
0.7033333333333334 0.2966666666666667
0.7025 0.2975
0.7016666666666667 0.29833333333333334
0.7008333333333333 0.2991666666666667
0.7 0.3
0.6991666666666667 0.30083333333333334
0.6983333333333333 0.3016666666666667
0.6975 0.3025
0.6966666666666667 0.30333333333333334
0.6958333333333333 0.30416666666666664
0.6950000000000001 0.305
0.6941666666666666 0.30583333333333335
0.6933333333333334 0.30666666666666664
0.6925 0.3075
0.6916666666666667 0.30833333333333335
0.6908333333333334 0.30916666666666665
0.69 0.31
0.6891666666666667 0.31083333333333335
0.6883333333333334 0.31166666666666665
0.6875 0.3125
0.6866666666666666 0.31333333333333335
0.6858333333333333 0.31416666666666665
0.685 0.315
0.6841666666666666 0.31583333333333335
0.6833333333333333 0.31666666666666665
0.6825 0.3175
0.6816666666666666 0.31833333333333336
0.6808333333333334 0.31916666666666665
0.6799999999999999 0.32
0.6791666666666667 0.32083333333333336
0.6783333333333333 0.32166666666666666
0.6775 0.3225
0.6766666666666667 0.3233333333333333
0.6758333333333333 0.32416666666666666
0.675 0.325
0.6741666666666667 0.3258333333333333
0.6733333333333333 0.32666666666666666
0.6725 0.3275
0.6716666666666666 0.3283333333333333
0.6708333333333334 0.32916666666666666
0.6699999999999999 0.33
0.6691666666666667 0.3308333333333333
0.6683333333333333 0.33166666666666667
0.6675 0.3325
0.6666666666666667 0.3333333333333333
0.6658333333333333 0.33416666666666667
0.665 0.335
0.6641666666666667 0.3358333333333333
0.6633333333333333 0.33666666666666667
0.6625 0.3375
0.6616666666666666 0.3383333333333333
0.6608333333333334 0.33916666666666667
0.6599999999999999 0.34
0.6591666666666667 0.3408333333333333
0.6583333333333333 0.3416666666666667
0.6575 0.3425
0.6566666666666667 0.3433333333333333
0.6558333333333333 0.3441666666666667
0.655 0.345
0.6541666666666667 0.3458333333333333
0.6533333333333333 0.3466666666666667
0.6525000000000001 0.3475
0.6516666666666666 0.34833333333333333
0.6508333333333334 0.3491666666666667
0.65 0.35
0.6491666666666667 0.35083333333333333
0.6483333333333333 0.3516666666666667
0.6475 0.3525
0.6466666666666667 0.35333333333333333
0.6458333333333333 0.3541666666666667
0.645 0.355
0.6441666666666667 0.35583333333333333
0.6433333333333333 0.3566666666666667
0.6425000000000001 0.3575
0.6416666666666666 0.35833333333333334
0.6408333333333334 0.3591666666666667
0.64 0.36
0.6391666666666667 0.36083333333333334
0.6383333333333333 0.3616666666666667
0.6375 0.3625
0.6366666666666667 0.36333333333333334
0.6358333333333333 0.3641666666666667
0.635 0.365
0.6341666666666667 0.36583333333333334
0.6333333333333333 0.36666666666666664
0.6325000000000001 0.3675
0.6316666666666666 0.36833333333333335
0.6308333333333334 0.36916666666666664
0.63 0.37
0.6291666666666667 0.37083333333333335
0.6283333333333334 0.37166666666666665
0.6275 0.3725
0.6266666666666667 0.37333333333333335
0.6258333333333334 0.37416666666666665
0.625 0.375
0.6241666666666666 0.37583333333333335
0.6233333333333333 0.37666666666666665
0.6225 0.3775
0.6216666666666666 0.37833333333333335
0.6208333333333333 0.37916666666666665
0.62 0.38
0.6191666666666666 0.38083333333333336
0.6183333333333334 0.38166666666666665
0.6174999999999999 0.3825
0.6166666666666667 0.38333333333333336
0.6158333333333333 0.38416666666666666
0.615 0.385
0.6141666666666667 0.3858333333333333
0.6133333333333333 0.38666666666666666
0.6125 0.3875
0.6116666666666667 0.3883333333333333
0.6108333333333333 0.38916666666666666
0.61 0.39
0.6091666666666666 0.3908333333333333
0.6083333333333334 0.39166666666666666
0.6074999999999999 0.3925
0.6066666666666667 0.3933333333333333
0.6058333333333333 0.39416666666666667
0.605 0.395
0.6041666666666667 0.3958333333333333
0.6033333333333333 0.39666666666666667
0.6025 0.3975
0.6016666666666667 0.3983333333333333
0.6008333333333333 0.39916666666666667
0.6 0.4
0.5991666666666666 0.4008333333333333
0.5983333333333334 0.40166666666666667
0.5974999999999999 0.4025
0.5966666666666667 0.4033333333333333
0.5958333333333333 0.4041666666666667
0.595 0.405
0.5941666666666667 0.4058333333333333
0.5933333333333333 0.4066666666666667
0.5925 0.4075
0.5916666666666667 0.4083333333333333
0.5908333333333333 0.4091666666666667
0.5900000000000001 0.41
0.5891666666666666 0.41083333333333333
0.5883333333333334 0.4116666666666667
0.5875 0.4125
0.5866666666666667 0.41333333333333333
0.5858333333333333 0.4141666666666667
0.585 0.415
0.5841666666666667 0.41583333333333333
0.5833333333333333 0.4166666666666667
0.5825 0.4175
0.5816666666666667 0.41833333333333333
0.5808333333333333 0.4191666666666667
0.5800000000000001 0.42
0.5791666666666666 0.42083333333333334
0.5783333333333334 0.4216666666666667
0.5775 0.4225
0.5766666666666667 0.42333333333333334
0.5758333333333333 0.4241666666666667
0.575 0.425
0.5741666666666667 0.42583333333333334
0.5733333333333333 0.4266666666666667
0.5725 0.4275
0.5716666666666667 0.42833333333333334
0.5708333333333333 0.42916666666666664
0.5700000000000001 0.43
0.5691666666666666 0.43083333333333335
0.5683333333333334 0.43166666666666664
0.5675 0.4325
0.5666666666666667 0.43333333333333335
0.5658333333333334 0.43416666666666665
0.565 0.435
0.5641666666666667 0.43583333333333335
0.5633333333333334 0.43666666666666665
0.5625 0.4375
0.5616666666666666 0.43833333333333335
0.5608333333333333 0.43916666666666665
0.56 0.44
0.5591666666666666 0.44083333333333335
0.5583333333333333 0.44166666666666665
0.5575 0.4425
0.5566666666666666 0.44333333333333336
0.5558333333333334 0.44416666666666665
0.5549999999999999 0.445
0.5541666666666667 0.44583333333333336
0.5533333333333333 0.44666666666666666
0.5525 0.4475
0.5516666666666667 0.4483333333333333
0.5508333333333333 0.44916666666666666
0.55 0.45
0.5491666666666667 0.4508333333333333
0.5483333333333333 0.45166666666666666
0.5475 0.4525
0.5466666666666666 0.4533333333333333
0.5458333333333334 0.45416666666666666
0.5449999999999999 0.455
0.5441666666666667 0.4558333333333333
0.5433333333333333 0.45666666666666667
0.5425 0.4575
0.5416666666666667 0.4583333333333333
0.5408333333333333 0.45916666666666667
0.54 0.46
0.5391666666666667 0.4608333333333333
0.5383333333333333 0.46166666666666667
0.5375 0.4625
0.5366666666666666 0.4633333333333333
0.5358333333333334 0.46416666666666667
0.5349999999999999 0.465
0.5341666666666667 0.4658333333333333
0.5333333333333333 0.4666666666666667
0.5325 0.4675
0.5316666666666667 0.4683333333333333
0.5308333333333333 0.4691666666666667
0.53 0.47
0.5291666666666667 0.4708333333333333
0.5283333333333333 0.4716666666666667
0.5275000000000001 0.4725
0.5266666666666666 0.47333333333333333
0.5258333333333334 0.4741666666666667
0.525 0.475
0.5241666666666667 0.47583333333333333
0.5233333333333333 0.4766666666666667
0.5225 0.4775
0.5216666666666667 0.47833333333333333
0.5208333333333333 0.4791666666666667
0.52 0.48
0.5191666666666667 0.48083333333333333
0.5183333333333333 0.4816666666666667
0.5175000000000001 0.4825
0.5166666666666666 0.48333333333333334
0.5158333333333334 0.4841666666666667
0.515 0.485
0.5141666666666667 0.48583333333333334
0.5133333333333333 0.4866666666666667
0.5125 0.4875
0.5116666666666667 0.48833333333333334
0.5108333333333333 0.4891666666666667
0.51 0.49
0.5091666666666667 0.49083333333333334
0.5083333333333333 0.49166666666666664
0.5075000000000001 0.4925
0.5066666666666666 0.49333333333333335
0.5058333333333334 0.49416666666666664
0.505 0.495
0.5041666666666667 0.49583333333333335
0.5033333333333334 0.49666666666666665
0.5025 0.4975
0.5016666666666667 0.49833333333333335
0.5008333333333334 0.49916666666666665
0.5 0.5
0.49916666666666665 0.5008333333333334
0.4983333333333333 0.5016666666666667
0.49750000000000005 0.5025
0.4966666666666667 0.5033333333333333
0.49583333333333335 0.5041666666666667
0.495 0.505
0.49416666666666664 0.5058333333333334
0.4933333333333333 0.5066666666666667
0.49250000000000005 0.5075
0.4916666666666667 0.5083333333333333
0.49083333333333334 0.5091666666666667
0.49 0.51
0.48916666666666664 0.5108333333333334
0.4883333333333333 0.5116666666666667
0.48750000000000004 0.5125
0.4866666666666667 0.5133333333333333
0.48583333333333334 0.5141666666666667
0.485 0.515
0.48416666666666663 0.5158333333333334
0.4833333333333333 0.5166666666666667
0.48250000000000004 0.5175
0.4816666666666667 0.5183333333333333
0.48083333333333333 0.5191666666666667
0.48 0.52
0.47916666666666663 0.5208333333333334
0.4783333333333334 0.5216666666666666
0.47750000000000004 0.5225
0.4766666666666667 0.5233333333333333
0.47583333333333333 0.5241666666666667
0.475 0.525
0.4741666666666666 0.5258333333333334
0.4733333333333334 0.5266666666666666
0.47250000000000003 0.5275
0.4716666666666667 0.5283333333333333
0.4708333333333333 0.5291666666666667
0.47 0.53
0.4691666666666666 0.5308333333333334
0.4683333333333334 0.5316666666666666
0.4675 0.5325
0.4666666666666667 0.5333333333333333
0.4658333333333333 0.5341666666666667
0.46499999999999997 0.535
0.4641666666666666 0.5358333333333334
0.4633333333333334 0.5366666666666666
0.4625 0.5375
0.46166666666666667 0.5383333333333333
0.4608333333333333 0.5391666666666667
0.45999999999999996 0.54
0.4591666666666666 0.5408333333333334
0.45833333333333337 0.5416666666666666
0.4575 0.5425
0.45666666666666667 0.5433333333333333
0.4558333333333333 0.5441666666666667
0.45499999999999996 0.545
0.4541666666666667 0.5458333333333333
0.45333333333333337 0.5466666666666666
0.4525 0.5475
0.45166666666666666 0.5483333333333333
0.4508333333333333 0.5491666666666667
0.44999999999999996 0.55
0.4491666666666667 0.5508333333333333
0.44833333333333336 0.5516666666666666
0.4475 0.5525
0.44666666666666666 0.5533333333333333
0.4458333333333333 0.5541666666666667
0.44499999999999995 0.555
0.4441666666666667 0.5558333333333333
0.44333333333333336 0.5566666666666666
0.4425 0.5575
0.44166666666666665 0.5583333333333333
0.4408333333333333 0.5591666666666667
0.43999999999999995 0.56
0.4391666666666667 0.5608333333333333
0.43833333333333335 0.5616666666666666
0.4375 0.5625
0.43666666666666665 0.5633333333333334
0.4358333333333333 0.5641666666666667
0.43500000000000005 0.565
0.4341666666666667 0.5658333333333333
0.43333333333333335 0.5666666666666667
0.4325 0.5675
0.43166666666666664 0.5683333333333334
0.4308333333333333 0.5691666666666667
0.43000000000000005 0.57
0.4291666666666667 0.5708333333333333
0.42833333333333334 0.5716666666666667
0.4275 0.5725
0.42666666666666664 0.5733333333333334
0.4258333333333333 0.5741666666666667
0.42500000000000004 0.575
0.4241666666666667 0.5758333333333333
0.42333333333333334 0.5766666666666667
0.4225 0.5775
0.42166666666666663 0.5783333333333334
0.4208333333333333 0.5791666666666667
0.42000000000000004 0.58
0.4191666666666667 0.5808333333333333
0.41833333333333333 0.5816666666666667
0.4175 0.5825
0.41666666666666663 0.5833333333333334
0.4158333333333334 0.5841666666666666
0.41500000000000004 0.585
0.4141666666666667 0.5858333333333333
0.41333333333333333 0.5866666666666667
0.4125 0.5875
0.4116666666666666 0.5883333333333334
0.4108333333333334 0.5891666666666666
0.41000000000000003 0.59
0.4091666666666667 0.5908333333333333
0.4083333333333333 0.5916666666666667
0.4075 0.5925
0.4066666666666666 0.5933333333333334
0.4058333333333334 0.5941666666666666
0.405 0.595
0.4041666666666667 0.5958333333333333
0.4033333333333333 0.5966666666666667
0.40249999999999997 0.5975
0.4016666666666666 0.5983333333333334
0.4008333333333334 0.5991666666666666
0.4 0.6
0.39916666666666667 0.6008333333333333
0.3983333333333333 0.6016666666666667
0.39749999999999996 0.6025
0.3966666666666666 0.6033333333333334
0.39583333333333337 0.6041666666666666
0.395 0.605
0.39416666666666667 0.6058333333333333
0.3933333333333333 0.6066666666666667
0.39249999999999996 0.6075
0.3916666666666667 0.6083333333333333
0.39083333333333337 0.6091666666666666
0.39 0.61
0.38916666666666666 0.6108333333333333
0.3883333333333333 0.6116666666666667
0.38749999999999996 0.6125
0.3866666666666667 0.6133333333333333
0.38583333333333336 0.6141666666666666
0.385 0.615
0.38416666666666666 0.6158333333333333
0.3833333333333333 0.6166666666666667
0.38249999999999995 0.6175
0.3816666666666667 0.6183333333333333
0.38083333333333336 0.6191666666666666
0.38 0.62
0.37916666666666665 0.6208333333333333
0.3783333333333333 0.6216666666666667
0.37749999999999995 0.6225
0.3766666666666667 0.6233333333333333
0.37583333333333335 0.6241666666666666
0.375 0.625
0.37416666666666665 0.6258333333333334
0.3733333333333333 0.6266666666666667
0.37250000000000005 0.6275
0.3716666666666667 0.6283333333333333
0.37083333333333335 0.6291666666666667
0.37 0.63
0.36916666666666664 0.6308333333333334
0.3683333333333333 0.6316666666666667
0.36750000000000005 0.6325
0.3666666666666667 0.6333333333333333
0.36583333333333334 0.6341666666666667
0.365 0.635
0.36416666666666664 0.6358333333333334
0.3633333333333333 0.6366666666666667
0.36250000000000004 0.6375
0.3616666666666667 0.6383333333333333
0.36083333333333334 0.6391666666666667
0.36 0.64
0.35916666666666663 0.6408333333333334
0.3583333333333333 0.6416666666666667
0.35750000000000004 0.6425
0.3566666666666667 0.6433333333333333
0.35583333333333333 0.6441666666666667
0.355 0.645
0.35416666666666663 0.6458333333333334
0.3533333333333334 0.6466666666666666
0.35250000000000004 0.6475
0.3516666666666667 0.6483333333333333
0.35083333333333333 0.6491666666666667
0.35 0.65
0.3491666666666666 0.6508333333333334
0.3483333333333334 0.6516666666666666
0.34750000000000003 0.6525
0.3466666666666667 0.6533333333333333
0.3458333333333333 0.6541666666666667
0.345 0.655
0.3441666666666666 0.6558333333333334
0.3433333333333334 0.6566666666666666
0.3425 0.6575
0.3416666666666667 0.6583333333333333
0.3408333333333333 0.6591666666666667
0.33999999999999997 0.66
0.3391666666666666 0.6608333333333334
0.3383333333333334 0.6616666666666666
0.3375 0.6625
0.33666666666666667 0.6633333333333333
0.3358333333333333 0.6641666666666667
0.33499999999999996 0.665
0.3341666666666666 0.6658333333333334
0.33333333333333337 0.6666666666666666
0.3325 0.6675
0.33166666666666667 0.6683333333333333
0.3308333333333333 0.6691666666666667
0.32999999999999996 0.67
0.3291666666666667 0.6708333333333333
0.32833333333333337 0.6716666666666666
0.3275 0.6725
0.32666666666666666 0.6733333333333333
0.3258333333333333 0.6741666666666667
0.32499999999999996 0.675
0.3241666666666667 0.6758333333333333
0.32333333333333336 0.6766666666666666
0.3225 0.6775
0.32166666666666666 0.6783333333333333
0.3208333333333333 0.6791666666666667
0.31999999999999995 0.68
0.3191666666666667 0.6808333333333333
0.31833333333333336 0.6816666666666666
0.3175 0.6825
0.31666666666666665 0.6833333333333333
0.3158333333333333 0.6841666666666667
0.31499999999999995 0.685
0.3141666666666667 0.6858333333333333
0.31333333333333335 0.6866666666666666
0.3125 0.6875
0.31166666666666665 0.6883333333333334
0.3108333333333333 0.6891666666666667
0.31000000000000005 0.69
0.3091666666666667 0.6908333333333333
0.30833333333333335 0.6916666666666667
0.3075 0.6925
0.30666666666666664 0.6933333333333334
0.3058333333333333 0.6941666666666667
0.30500000000000005 0.695
0.3041666666666667 0.6958333333333333
0.30333333333333334 0.6966666666666667
0.3025 0.6975
0.30166666666666664 0.6983333333333334
0.3008333333333333 0.6991666666666667
0.30000000000000004 0.7
0.2991666666666667 0.7008333333333333
0.29833333333333334 0.7016666666666667
0.2975 0.7025
0.29666666666666663 0.7033333333333334
0.2958333333333333 0.7041666666666667
0.29500000000000004 0.705
0.2941666666666667 0.7058333333333333
0.29333333333333333 0.7066666666666667
0.2925 0.7075
0.29166666666666663 0.7083333333333334
0.2908333333333334 0.7091666666666666
0.29000000000000004 0.71
0.2891666666666667 0.7108333333333333
0.28833333333333333 0.7116666666666667
0.2875 0.7125
0.2866666666666666 0.7133333333333334
0.2858333333333334 0.7141666666666666
0.28500000000000003 0.715
0.2841666666666667 0.7158333333333333
0.2833333333333333 0.7166666666666667
0.2825 0.7175
0.2816666666666666 0.7183333333333334
0.2808333333333334 0.7191666666666666
0.28 0.72
0.2791666666666667 0.7208333333333333
0.2783333333333333 0.7216666666666667
0.27749999999999997 0.7225
0.2766666666666666 0.7233333333333334
0.2758333333333334 0.7241666666666666
0.275 0.725
0.27416666666666667 0.7258333333333333
0.2733333333333333 0.7266666666666667
0.27249999999999996 0.7275
0.2716666666666666 0.7283333333333334
0.27083333333333337 0.7291666666666666
0.27 0.73
0.26916666666666667 0.7308333333333333
0.2683333333333333 0.7316666666666667
0.26749999999999996 0.7325
0.2666666666666667 0.7333333333333333
0.26583333333333337 0.7341666666666666
0.265 0.735
0.26416666666666666 0.7358333333333333
0.2633333333333333 0.7366666666666667
0.26249999999999996 0.7375
0.2616666666666667 0.7383333333333333
0.26083333333333336 0.7391666666666666
0.26 0.74
0.25916666666666666 0.7408333333333333
0.2583333333333333 0.7416666666666667
0.25749999999999995 0.7425
0.2566666666666667 0.7433333333333333
0.25583333333333336 0.7441666666666666
0.255 0.745
0.25416666666666665 0.7458333333333333
0.2533333333333333 0.7466666666666667
0.25249999999999995 0.7475
0.2516666666666667 0.7483333333333333
0.25083333333333335 0.7491666666666666
0.25 0.75
0.24916666666666665 0.7508333333333334
0.2483333333333333 0.7516666666666667
0.24750000000000005 0.7525
0.2466666666666667 0.7533333333333333
0.24583333333333335 0.7541666666666667
0.245 0.755
0.24416666666666664 0.7558333333333334
0.2433333333333333 0.7566666666666667
0.24250000000000005 0.7575
0.2416666666666667 0.7583333333333333
0.24083333333333334 0.7591666666666667
0.24 0.76
0.23916666666666664 0.7608333333333334
0.23833333333333329 0.7616666666666667
0.23750000000000004 0.7625
0.2366666666666667 0.7633333333333333
0.23583333333333334 0.7641666666666667
0.235 0.765
0.23416666666666663 0.7658333333333334
0.23333333333333328 0.7666666666666667
0.23250000000000004 0.7675
0.2316666666666667 0.7683333333333333
0.23083333333333333 0.7691666666666667
0.22999999999999998 0.77
0.22916666666666663 0.7708333333333334
0.2283333333333334 0.7716666666666666
0.22750000000000004 0.7725
0.22666666666666668 0.7733333333333333
0.22583333333333333 0.7741666666666667
0.22499999999999998 0.775
0.22416666666666663 0.7758333333333334
0.22333333333333338 0.7766666666666666
0.22250000000000003 0.7775
0.22166666666666668 0.7783333333333333
0.22083333333333333 0.7791666666666667
0.21999999999999997 0.78
0.21916666666666662 0.7808333333333334
0.21833333333333338 0.7816666666666666
0.21750000000000003 0.7825
0.21666666666666667 0.7833333333333333
0.21583333333333332 0.7841666666666667
0.21499999999999997 0.785
0.21416666666666662 0.7858333333333334
0.21333333333333337 0.7866666666666666
0.21250000000000002 0.7875
0.21166666666666667 0.7883333333333333
0.21083333333333332 0.7891666666666667
0.20999999999999996 0.79
0.2091666666666666 0.7908333333333334
0.20833333333333337 0.7916666666666666
0.20750000000000002 0.7925
0.20666666666666667 0.7933333333333333
0.2058333333333333 0.7941666666666667
0.20499999999999996 0.795
0.20416666666666672 0.7958333333333333
0.20333333333333337 0.7966666666666666
0.2025 0.7975
0.20166666666666666 0.7983333333333333
0.2008333333333333 0.7991666666666667
0.19999999999999996 0.8
0.19916666666666671 0.8008333333333333
0.19833333333333336 0.8016666666666666
0.1975 0.8025
0.19666666666666666 0.8033333333333333
0.1958333333333333 0.8041666666666667
0.19499999999999995 0.805
0.1941666666666667 0.8058333333333333
0.19333333333333336 0.8066666666666666
0.1925 0.8075
0.19166666666666665 0.8083333333333333
0.1908333333333333 0.8091666666666667
0.18999999999999995 0.81
0.1891666666666667 0.8108333333333333
0.18833333333333335 0.8116666666666666
0.1875 0.8125
0.18666666666666665 0.8133333333333334
0.1858333333333333 0.8141666666666667
0.18500000000000005 0.815
0.1841666666666667 0.8158333333333333
0.18333333333333335 0.8166666666666667
0.1825 0.8175
0.18166666666666664 0.8183333333333334
0.1808333333333333 0.8191666666666667
0.18000000000000005 0.82
0.1791666666666667 0.8208333333333333
0.17833333333333334 0.8216666666666667
0.1775 0.8225
0.17666666666666664 0.8233333333333334
0.17583333333333329 0.8241666666666667
0.17500000000000004 0.825
0.1741666666666667 0.8258333333333333
0.17333333333333334 0.8266666666666667
0.1725 0.8275
0.17166666666666663 0.8283333333333334
0.17083333333333328 0.8291666666666667
0.17000000000000004 0.83
0.1691666666666667 0.8308333333333333
0.16833333333333333 0.8316666666666667
0.16749999999999998 0.8325
0.16666666666666663 0.8333333333333334
0.1658333333333334 0.8341666666666666
0.16500000000000004 0.835
0.16416666666666668 0.8358333333333333
0.16333333333333333 0.8366666666666667
0.16249999999999998 0.8375
0.16166666666666663 0.8383333333333334
0.16083333333333338 0.8391666666666666
0.16000000000000003 0.84
0.15916666666666668 0.8408333333333333
0.15833333333333333 0.8416666666666667
0.15749999999999997 0.8425
0.15666666666666662 0.8433333333333334
0.15583333333333338 0.8441666666666666
0.15500000000000003 0.845
0.15416666666666667 0.8458333333333333
0.15333333333333332 0.8466666666666667
0.15249999999999997 0.8475
0.15166666666666662 0.8483333333333334
0.15083333333333337 0.8491666666666666
0.15000000000000002 0.85
0.14916666666666667 0.8508333333333333
0.14833333333333332 0.8516666666666667
0.14749999999999996 0.8525
0.1466666666666666 0.8533333333333334
0.14583333333333337 0.8541666666666666
0.14500000000000002 0.855
0.14416666666666667 0.8558333333333333
0.1433333333333333 0.8566666666666667
0.14249999999999996 0.8575
0.14166666666666672 0.8583333333333333
0.14083333333333337 0.8591666666666666
0.14 0.86
0.13916666666666666 0.8608333333333333
0.1383333333333333 0.8616666666666667
0.13749999999999996 0.8625
0.13666666666666671 0.8633333333333333
0.13583333333333336 0.8641666666666666
0.135 0.865
0.13416666666666666 0.8658333333333333
0.1333333333333333 0.8666666666666667
0.13249999999999995 0.8675
0.1316666666666667 0.8683333333333333
0.13083333333333336 0.8691666666666666
0.13 0.87
0.12916666666666665 0.8708333333333333
0.1283333333333333 0.8716666666666667
0.12749999999999995 0.8725
0.1266666666666667 0.8733333333333333
0.12583333333333335 0.8741666666666666
0.125 0.875
0.12416666666666665 0.8758333333333334
0.1233333333333333 0.8766666666666667
0.12250000000000005 0.8775
0.1216666666666667 0.8783333333333333
0.12083333333333335 0.8791666666666667
0.12 0.88
0.11916666666666664 0.8808333333333334
0.11833333333333329 0.8816666666666667
0.11750000000000005 0.8825
0.1166666666666667 0.8833333333333333

0.11583333333333334 0.8841666666666667
0.11499999999999999 0.885
0.11416666666666664 0.8858333333333334
0.11333333333333329 0.8866666666666667
0.11250000000000004 0.8875
0.11166666666666669 0.8883333333333333
0.11083333333333334 0.8891666666666667
0.10999999999999999 0.89
0.10916666666666663 0.8908333333333334
0.10833333333333328 0.8916666666666667
0.10750000000000004 0.8925
0.10666666666666669 0.8933333333333333
0.10583333333333333 0.8941666666666667
0.10499999999999998 0.895
0.10416666666666663 0.8958333333333334
0.10333333333333339 0.8966666666666666
0.10250000000000004 0.8975
0.10166666666666668 0.8983333333333333
0.10083333333333333 0.8991666666666667
0.09999999999999998 0.9
0.09916666666666663 0.9008333333333334
0.09833333333333338 0.9016666666666666
0.09750000000000003 0.9025
0.09666666666666668 0.9033333333333333
0.09583333333333333 0.9041666666666667
0.09499999999999997 0.905
0.09416666666666662 0.9058333333333334
0.09333333333333338 0.9066666666666666
0.09250000000000003 0.9075
0.09166666666666667 0.9083333333333333
0.09083333333333332 0.9091666666666667
0.08999999999999997 0.91
0.08916666666666662 0.9108333333333334
0.08833333333333337 0.9116666666666666
0.08750000000000002 0.9125
0.08666666666666667 0.9133333333333333
0.08583333333333332 0.9141666666666667
0.08499999999999996 0.915
0.08416666666666661 0.9158333333333334
0.08333333333333337 0.9166666666666666
0.08250000000000002 0.9175
0.08166666666666667 0.9183333333333333
0.08083333333333331 0.9191666666666667
0.07999999999999996 0.92
0.07916666666666672 0.9208333333333333
0.07833333333333337 0.9216666666666666
0.07750000000000001 0.9225
0.07666666666666666 0.9233333333333333
0.07583333333333331 0.9241666666666667
0.07499999999999996 0.925
0.07416666666666671 0.9258333333333333
0.07333333333333336 0.9266666666666666
0.07250000000000001 0.9275
0.07166666666666666 0.9283333333333333
0.0708333333333333 0.9291666666666667
0.06999999999999995 0.93
0.06916666666666671 0.9308333333333333
0.06833333333333336 0.9316666666666666
0.0675 0.9325
0.06666666666666665 0.9333333333333333
0.0658333333333333 0.9341666666666667
0.06499999999999995 0.935
0.0641666666666667 0.9358333333333333
0.06333333333333335 0.9366666666666666
0.0625 0.9375
0.06166666666666665 0.9383333333333334
0.060833333333333295 0.9391666666666667
0.06000000000000005 0.94
0.0591666666666667 0.9408333333333333
0.05833333333333335 0.9416666666666667
0.057499999999999996 0.9425
0.05666666666666664 0.9433333333333334
0.05583333333333329 0.9441666666666667
0.05500000000000005 0.945
0.054166666666666696 0.9458333333333333
0.053333333333333344 0.9466666666666667
0.05249999999999999 0.9475
0.05166666666666664 0.9483333333333334
0.050833333333333286 0.9491666666666667
0.050000000000000044 0.95
0.04916666666666669 0.9508333333333333
0.04833333333333334 0.9516666666666667
0.04749999999999999 0.9525
0.046666666666666634 0.9533333333333334
0.04583333333333328 0.9541666666666667
0.04500000000000004 0.955
0.04416666666666669 0.9558333333333333
0.043333333333333335 0.9566666666666667
0.04249999999999998 0.9575
0.04166666666666663 0.9583333333333334
0.04083333333333339 0.9591666666666666
0.040000000000000036 0.96
0.03916666666666668 0.9608333333333333
0.03833333333333333 0.9616666666666667
0.03749999999999998 0.9625
0.036666666666666625 0.9633333333333334
0.035833333333333384 0.9641666666666666
0.03500000000000003 0.965
0.03416666666666668 0.9658333333333333
0.033333333333333326 0.9666666666666667
0.03249999999999997 0.9675
0.03166666666666662 0.9683333333333334
0.03083333333333338 0.9691666666666666
0.030000000000000027 0.97
0.029166666666666674 0.9708333333333333
0.02833333333333332 0.9716666666666667
0.02749999999999997 0.9725
0.026666666666666616 0.9733333333333334
0.025833333333333375 0.9741666666666666
0.025000000000000022 0.975
0.02416666666666667 0.9758333333333333
0.023333333333333317 0.9766666666666667
0.022499999999999964 0.9775
0.021666666666666612 0.9783333333333334
0.02083333333333337 0.9791666666666666
0.020000000000000018 0.98
0.019166666666666665 0.9808333333333333
0.018333333333333313 0.9816666666666667
0.01749999999999996 0.9825
0.01666666666666672 0.9833333333333333
0.015833333333333366 0.9841666666666666
0.015000000000000013 0.985
0.01416666666666666 0.9858333333333333
0.013333333333333308 0.9866666666666667
0.012499999999999956 0.9875
0.011666666666666714 0.9883333333333333
0.010833333333333361 0.9891666666666666
0.010000000000000009 0.99
0.009166666666666656 0.9908333333333333
0.008333333333333304 0.9916666666666667
0.007499999999999951 0.9925
0.00666666666666671 0.9933333333333333
0.005833333333333357 0.9941666666666666
0.0050000000000000044 0.995
0.004166666666666652 0.9958333333333333
0.0033333333333332993 0.9966666666666667
0.0024999999999999467 0.9975
0.0016666666666667052 0.9983333333333333
0.0008333333333333526 0.9991666666666666